8 0.481735 0.430091 0.479452 0.431611 0.479452 0.433131 0.477169 0.434650 0.477169 0.440729 0.481735 0.437690 0.481735 0.436170 0.484018 0.434650 0.481735 0.433131
8 0.513699 0.399696 0.511416 0.399696 0.511416 0.401216 0.509132 0.402736 0.509132 0.404255 0.506849 0.405775 0.506849 0.408815 0.509132 0.410334 0.509132 0.413374 0.509132 0.411854 0.513699 0.408815
8 0.543379 0.384498 0.543379 0.387538 0.538813 0.390578 0.538813 0.393617 0.541096 0.395137 0.541096 0.396657 0.541096 0.395137 0.545662 0.392097 0.545662 0.389058 0.547945 0.387538
8 0.557078 0.367781 0.557078 0.375380 0.554795 0.376900 0.554795 0.384498 0.557078 0.386018 0.557078 0.387538 0.559361 0.387538 0.559361 0.382979 0.554795 0.379939 0.559361 0.376900 0.559361 0.367781
8 0.168950 0.366261 0.168950 0.370821 0.171233 0.369301 0.175799 0.372340 0.171233 0.375380 0.168950 0.373860 0.168950 0.376900 0.171233 0.376900 0.173516 0.378419 0.175799 0.378419 0.178082 0.376900 0.178082 0.373860 0.175799 0.372340 0.178082 0.370821 0.178082 0.367781 0.175799 0.367781 0.173516 0.369301
8 0.543379 0.351064 0.543379 0.352584 0.541096 0.354103 0.541096 0.358663 0.538813 0.360182 0.541096 0.361702 0.541096 0.364742 0.543379 0.366261 0.543379 0.370821 0.541096 0.372340 0.541096 0.375380 0.543379 0.376900 0.543379 0.375380 0.545662 0.373860 0.545662 0.367781 0.541096 0.364742 0.541096 0.363222 0.543379 0.361702
8 0.527397 0.351064 0.527397 0.358663 0.525114 0.360182 0.525114 0.372340 0.527397 0.373860 0.527397 0.367781 0.525114 0.366261 0.525114 0.363222 0.529680 0.360182 0.529680 0.352584
8 0.513699 0.351064 0.511416 0.351064 0.511416 0.354103 0.509132 0.355623 0.509132 0.361702 0.513699 0.361702 0.513699 0.358663 0.515982 0.357143 0.515982 0.352584
8 0.143836 0.351064 0.143836 0.355623 0.146119 0.357143 0.146119 0.360182 0.148402 0.361702 0.150685 0.361702 0.152968 0.363222 0.155251 0.361702 0.155251 0.358663 0.152968 0.357143 0.152968 0.351064 0.152968 0.357143 0.148402 0.360182 0.146119 0.358663 0.146119 0.351064
8 0.776256 0.313070 0.776256 0.314590 0.778539 0.314590 0.780822 0.316109 0.780822 0.317629 0.783105 0.319149 0.783105 0.316109 0.785388 0.314590 0.787671 0.316109 0.787671 0.317629 0.789954 0.319149 0.794521 0.319149 0.796804 0.317629 0.794521 0.316109 0.794521 0.314590 0.792237 0.313070 0.780822 0.313070 0.778539 0.311550
8 0.413242 0.314590 0.410959 0.313070 0.410959 0.311550 0.408676 0.313070 0.397260 0.313070 0.394977 0.314590 0.392694 0.314590 0.390411 0.313070 0.376712 0.313070 0.376712 0.314590 0.374429 0.316109 0.374429 0.317629 0.388128 0.317629 0.390411 0.319149 0.392694 0.319149 0.394977 0.320669 0.401826 0.316109 0.404110 0.316109 0.404110 0.314590 0.406393 0.313070 0.408676 0.313070 0.410959 0.314590
8 0.840183 0.343465 0.828767 0.334347 0.821918 0.337386 0.799087 0.334347 0.801370 0.331307 0.821918 0.329787 0.817352 0.322188 0.801370 0.328267 0.794521 0.322188 0.789954 0.326748 0.785388 0.323708 0.778539 0.328267 0.771689 0.325228 0.767123 0.313070 0.757991 0.313070 0.767123 0.314590 0.762557 0.322188 0.753425 0.320669 0.746575 0.311550 0.751142 0.317629 0.744292 0.322188 0.735160 0.317629 0.735160 0.313070 0.723744 0.310030 0.696347 0.313070 0.719178 0.317629 0.707763 0.322188 0.691781 0.320669 0.689498 0.313070 0.684932 0.313070 0.691781 0.325228 0.682648 0.328267 0.675799 0.322188 0.662100 0.326748 0.657534 0.314590 0.668950 0.313070 0.632420 0.313070 0.639269 0.319149 0.625571 0.323708 0.609589 0.319149 0.600457 0.328267 0.600457 0.335866 0.593607 0.328267 0.586758 0.329787 0.586758 0.332827 0.593607 0.332827 0.589041 0.346505 0.605023 0.343465 0.602740 0.352584 0.598174 0.355623 0.591324 0.351064 0.586758 0.355623 0.586758 0.395137 0.593607 0.392097 0.586758 0.416413 0.595890 0.417933 0.595890 0.411854 0.591324 0.414894 0.586758 0.411854 0.593607 0.398176 0.600457 0.401216 0.602740 0.414894 0.605023 0.408815 0.609589 0.413374 0.609589 0.395137 0.614155 0.392097 0.618721 0.410334 0.625571 0.399696 0.636986 0.402736 0.625571 0.408815 0.625571 0.413374 0.627854 0.407295 0.634703 0.410334 0.639269 0.405775 0.646119 0.405775 0.657534 0.413374 0.662100 0.408815 0.673516 0.411854 0.678082 0.404255 0.680365 0.408815 0.684932 0.404255 0.696347 0.408815 0.694064 0.414894 0.703196 0.419453 0.705479 0.416413 0.696347 0.410334 0.707763 0.405775 0.719178 0.413374 0.719178 0.417933 0.723744 0.410334 0.735160 0.425532 0.760274 0.424012 0.748858 0.419453 0.769406 0.407295 0.773973 0.410334 0.769406 0.416413 0.778539 0.411854 0.787671 0.422492 0.796804 0.424012 0.803653 0.414894 0.815068 0.414894 0.817352 0.407295 0.824201 0.414894 0.821918 0.407295 0.815068 0.405775 0.819635 0.398176 0.833333 0.401216 0.826484 0.392097 0.833333 0.384498 0.826484 0.381459 0.826484 0.372340 0.831050 0.370821 0.840183 0.378419 0.837900 0.372340 0.847032 0.367781 0.828767 0.366261 0.833333 0.357143 0.828767 0.346505
8 0.630137 0.310030 0.627854 0.311550 0.621005 0.311550 0.618721 0.313070 0.618721 0.316109 0.623288 0.316109 0.625571 0.317629 0.625571 0.314590 0.627854 0.313070 0.627854 0.311550
8 0.143836 0.343465 0.173516 0.346505 0.159817 0.361702 0.189498 0.364742 0.187215 0.389058 0.180365 0.392097 0.175799 0.381459 0.171233 0.390578 0.159817 0.390578 0.168950 0.416413 0.184932 0.417933 0.175799 0.433131 0.194064 0.424012 0.196347 0.414894 0.200913 0.425532 0.214612 0.424012 0.214612 0.439210 0.228311 0.431611 0.232877 0.439210 0.242009 0.433131 0.246575 0.440729 0.257991 0.439210 0.262557 0.443769 0.248858 0.445289 0.253425 0.451368 0.276256 0.446809 0.273973 0.454407 0.399543 0.457447 0.388128 0.462006 0.269406 0.462006 0.305936 0.463526 0.308219 0.469605 0.315068 0.469605 0.312785 0.463526 0.321918 0.469605 0.328767 0.463526 0.335616 0.469605 0.344749 0.469605 0.344749 0.463526 0.351598 0.469605 0.363014 0.465046 0.367580 0.469605 0.392694 0.469605 0.397260 0.463526 0.420091 0.466565 0.415525 0.457447 0.436073 0.454407 0.438356 0.439210 0.458904 0.433131 0.465753 0.440729 0.468037 0.420973 0.477169 0.427052 0.484018 0.420973 0.477169 0.396657 0.470320 0.401216 0.447489 0.395137 0.493151 0.381459 0.500000 0.354103 0.486301 0.376900 0.477169 0.354103 0.470320 0.375380 0.465753 0.351064 0.470320 0.341945 0.477169 0.349544 0.481735 0.335866 0.472603 0.341945 0.465753 0.320669 0.447489 0.326748 0.442922 0.314590 0.440639 0.323708 0.422374 0.325228 0.426941 0.348024 0.442922 0.352584 0.429224 0.360182 0.433790 0.369301 0.388128 0.367781 0.365297 0.386018 0.372146 0.393617 0.365297 0.405775 0.353881 0.387538 0.378995 0.357143 0.365297 0.354103 0.372146 0.326748 0.356164 0.313070 0.347032 0.314590 0.360731 0.326748 0.347032 0.328267 0.317352 0.310030 0.308219 0.317629 0.299087 0.310030 0.273973 0.308511 0.278539 0.294833 0.246575 0.296353 0.246575 0.305471 0.239726 0.294833 0.230594 0.294833 0.232877 0.302432 0.205479 0.314590 0.216895 0.317629 0.212329 0.328267 0.207763 0.319149 0.196347 0.328267 0.194064 0.320669 0.180365 0.328267 0.175799 0.320669 0.168950 0.343465 0.159817 0.341945 0.162100 0.335866 0.152968 0.335866 0.155251 0.343465
8 0.292237 0.103343 0.289954 0.101824 0.285388 0.101824 0.283105 0.103343 0.283105 0.104863 0.280822 0.106383 0.280822 0.107903 0.278539 0.109422 0.271689 0.109422 0.269406 0.110942 0.269406 0.112462 0.267123 0.113982 0.269406 0.115502 0.276256 0.115502 0.278539 0.113982 0.278539 0.109422 0.280822 0.107903 0.283105 0.107903 0.289954 0.112462 0.289954 0.113982 0.289954 0.110942 0.287671 0.109422 0.287671 0.106383
8 0.296804 0.088146 0.296804 0.092705 0.299087 0.094225 0.301370 0.094225 0.305936 0.097264 0.310502 0.094225 0.305936 0.094225 0.303653 0.092705 0.303653 0.091185 0.301370 0.091185
8 0.310502 0.063830 0.294521 0.063830 0.296804 0.065350 0.296804 0.068389 0.299087 0.068389 0.301370 0.069909 0.301370 0.071429 0.296804 0.074468 0.296804 0.075988 0.299087 0.075988 0.301370 0.077508 0.301370 0.080547 0.301370 0.079027 0.303653 0.077508 0.303653 0.071429 0.299087 0.068389 0.299087 0.066869 0.301370 0.065350 0.308219 0.065350
8 0.360731 0.059271 0.358447 0.060790 0.344749 0.060790 0.344749 0.069909 0.347032 0.071429 0.344749 0.072948 0.344749 0.077508 0.347032 0.079027 0.342466 0.085106 0.337900 0.083587 0.335616 0.071429 0.328767 0.068389 0.326484 0.071429 0.319635 0.071429 0.317352 0.069909 0.315068 0.071429 0.317352 0.072948 0.317352 0.079027 0.317352 0.077508 0.321918 0.075988 0.324201 0.077508 0.324201 0.080547 0.326484 0.080547 0.328767 0.077508 0.337900 0.083587 0.335616 0.085106 0.328767 0.085106 0.326484 0.088146 0.331050 0.092705 0.328767 0.095745 0.328767 0.100304 0.333333 0.095745 0.333333 0.089666 0.337900 0.086626 0.342466 0.091185 0.340183 0.094225 0.344749 0.097264 0.344749 0.103343 0.342466 0.104863 0.342466 0.107903 0.340183 0.109422 0.333333 0.104863 0.333333 0.103343 0.331050 0.103343 0.328767 0.106383 0.324201 0.109422 0.321918 0.109422 0.317352 0.104863 0.317352 0.101824 0.312785 0.098784 0.312785 0.101824 0.308219 0.104863 0.296804 0.104863 0.296804 0.106383 0.305936 0.109422 0.310502 0.107903 0.317352 0.107903 0.319635 0.110942 0.326484 0.110942 0.328767 0.112462 0.328767 0.115502 0.324201 0.118541 0.324201 0.120061 0.328767 0.123100 0.333333 0.121581 0.335616 0.124620 0.337900 0.124620 0.340183 0.121581 0.347032 0.126140 0.353881 0.126140 0.353881 0.118541 0.351598 0.115502 0.347032 0.113982 0.351598 0.109422 0.349315 0.098784 0.353881 0.095745 0.356164 0.095745 0.360731 0.098784 0.363014 0.097264 0.363014 0.094225 0.360731 0.095745 0.356164 0.092705 0.351598 0.092705 0.349315 0.091185 0.349315 0.080547 0.351598 0.079027 0.351598 0.075988 0.349315 0.074468 0.349315 0.063830 0.351598 0.062310 0.363014 0.062310 0.365297 0.060790