10 0.445205 0.758359 0.445205 0.759878 0.447489 0.759878 0.449772 0.761398 0.452055 0.759878 0.463470 0.759878 0.465753 0.761398 0.465753 0.764438 0.463470 0.765957 0.456621 0.765957 0.458904 0.767477 0.497717 0.767477 0.497717 0.765957 0.495434 0.764438 0.493151 0.765957 0.484018 0.765957 0.481735 0.764438 0.481735 0.761398 0.484018 0.759878 0.484018 0.758359
10 0.410959 0.744681 0.410959 0.747720 0.410959 0.746201 0.413242 0.744681 0.424658 0.744681 0.426941 0.746201 0.429224 0.744681 0.431507 0.744681 0.433790 0.746201 0.433790 0.747720 0.429224 0.750760 0.426941 0.749240 0.426941 0.750760 0.429224 0.750760 0.431507 0.752280 0.433790 0.752280 0.436073 0.750760 0.436073 0.749240 0.433790 0.747720 0.438356 0.744681 0.440639 0.746201 0.440639 0.750760 0.447489 0.750760 0.449772 0.752280 0.452055 0.752280 0.454338 0.750760 0.458904 0.750760 0.461187 0.752280 0.481735 0.752280 0.484018 0.750760 0.486301 0.750760 0.484018 0.750760 0.481735 0.749240 0.481735 0.746201 0.486301 0.743161 0.474886 0.743161 0.472603 0.741641 0.456621 0.741641 0.454338 0.743161 0.452055 0.743161 0.449772 0.741641 0.447489 0.743161 0.445205 0.743161 0.442922 0.741641 0.440639 0.741641 0.438356 0.743161 0.436073 0.741641 0.424658 0.741641 0.422374 0.743161 0.413242 0.743161
10 0.399543 0.727964 0.404110 0.731003 0.406393 0.729483 0.408676 0.729483 0.410959 0.731003 0.410959 0.734043 0.408676 0.735562 0.422374 0.735562 0.424658 0.737082 0.431507 0.737082 0.433790 0.738602 0.436073 0.737082 0.452055 0.737082 0.454338 0.735562 0.456621 0.737082 0.481735 0.737082 0.484018 0.735562 0.497717 0.735562 0.497717 0.731003 0.502283 0.727964 0.500000 0.727964 0.497717 0.726444 0.488584 0.726444 0.486301 0.724924 0.481735 0.724924 0.479452 0.726444 0.468037 0.726444 0.465753 0.724924 0.463470 0.726444 0.452055 0.726444 0.449772 0.724924 0.447489 0.726444 0.417808 0.726444 0.415525 0.727964 0.413242 0.727964 0.410959 0.726444 0.408676 0.726444 0.406393 0.727964
10 0.376712 0.583587 0.374429 0.585106 0.374429 0.588146 0.372146 0.589666 0.372146 0.592705 0.376712 0.592705 0.378995 0.594225 0.378995 0.589666 0.381279 0.588146 0.381279 0.586626
10 0.769406 0.542553 0.764840 0.545593 0.764840 0.550152 0.767123 0.551672 0.767123 0.556231 0.767123 0.553191 0.771689 0.550152 0.771689 0.544073
10 0.381279 0.524316 0.378995 0.524316 0.378995 0.525836 0.376712 0.527356 0.374429 0.527356 0.372146 0.525836 0.372146 0.524316 0.372146 0.527356 0.374429 0.528875 0.374429 0.530395 0.372146 0.531915 0.376712 0.534954 0.378995 0.533435 0.381279 0.533435 0.381279 0.530395 0.378995 0.528875 0.378995 0.527356 0.381279 0.525836
10 0.372146 0.509119 0.374429 0.510638 0.374429 0.513678 0.376712 0.515198 0.376712 0.518237 0.378995 0.518237 0.381279 0.516717 0.381279 0.515198 0.378995 0.513678 0.378995 0.509119
10 0.767123 0.500000 0.764840 0.501520 0.764840 0.503040 0.767123 0.504559 0.767123 0.522796 0.767123 0.519757 0.769406 0.518237 0.771689 0.518237 0.773973 0.519757 0.773973 0.524316 0.773973 0.521277 0.778539 0.518237 0.780822 0.519757 0.780822 0.522796 0.783105 0.522796 0.783105 0.521277 0.785388 0.519757 0.785388 0.515198 0.780822 0.515198 0.778539 0.513678 0.778539 0.515198 0.776256 0.516717 0.773973 0.516717 0.769406 0.513678 0.769406 0.503040 0.771689 0.501520 0.771689 0.500000
10 0.372146 0.446809 0.372146 0.448328 0.374429 0.449848 0.374429 0.455927 0.376712 0.457447 0.372146 0.460486 0.372146 0.463526 0.376712 0.466565 0.376712 0.468085 0.378995 0.469605 0.378995 0.471125 0.376712 0.472644 0.376712 0.474164 0.378995 0.475684 0.378995 0.478723 0.378995 0.475684 0.376712 0.474164 0.378995 0.472644 0.378995 0.468085 0.376712 0.466565 0.381279 0.463526 0.381279 0.460486 0.378995 0.458967 0.378995 0.457447 0.381279 0.455927 0.381279 0.452888 0.378995 0.451368 0.378995 0.446809 0.378995 0.448328 0.376712 0.449848 0.374429 0.449848 0.372146 0.448328
10 0.363014 0.445289 0.360731 0.446809 0.356164 0.446809 0.356164 0.451368 0.360731 0.454407 0.360731 0.455927 0.363014 0.455927 0.365297 0.454407 0.365297 0.446809
10 0.486301 0.439210 0.472603 0.440729 0.461187 0.451368 0.456621 0.449848 0.454338 0.457447 0.447489 0.462006 0.438356 0.460486 0.431507 0.468085 0.426941 0.458967 0.413242 0.458967 0.406393 0.446809 0.399543 0.454407 0.394977 0.445289 0.388128 0.446809 0.388128 0.484802 0.401826 0.486322 0.404110 0.496960 0.399543 0.501520 0.397260 0.492401 0.388128 0.493921 0.385845 0.537994 0.374429 0.537994 0.374429 0.544073 0.367580 0.548632 0.363014 0.545593 0.356164 0.556231 0.363014 0.559271 0.360731 0.550152 0.378995 0.550152 0.383562 0.541033 0.392694 0.551672 0.383562 0.557751 0.378995 0.553191 0.369863 0.556231 0.372146 0.563830 0.385845 0.565350 0.383562 0.571429 0.372146 0.569909 0.372146 0.577508 0.378995 0.580547 0.385845 0.572948 0.385845 0.595745 0.399543 0.598784 0.388128 0.600304 0.383562 0.610942 0.378995 0.603343 0.372146 0.607903 0.372146 0.624620 0.378995 0.624620 0.376712 0.613982 0.383562 0.610942 0.390411 0.633739 0.385845 0.656535 0.378995 0.648936 0.372146 0.655015 0.385845 0.659574 0.388128 0.686930 0.394977 0.689970 0.388128 0.696049 0.394977 0.702128 0.399543 0.697568 0.404110 0.705167 0.406393 0.702128 0.417808 0.706687 0.415525 0.711246 0.401826 0.711246 0.401826 0.720365 0.495434 0.721884 0.500000 0.714286 0.511416 0.717325 0.513699 0.711246 0.497717 0.708207 0.515982 0.703647 0.518265 0.644377 0.525114 0.655015 0.525114 0.705167 0.529680 0.700608 0.529680 0.633739 0.493151 0.630699 0.477169 0.615502 0.472603 0.603343 0.484018 0.594225 0.479452 0.589666 0.488584 0.582067 0.486301 0.571429 0.493151 0.568389 0.488584 0.559271 0.493151 0.534954 0.481735 0.515198 0.472603 0.512158 0.477169 0.493921 0.463470 0.481763 0.486301 0.468085