8 0.356164 0.481763 0.360731 0.481763 0.365297 0.478723 0.369863 0.478723 0.372146 0.480243 0.378995 0.480243 0.381279 0.478723 0.383562 0.478723 0.383562 0.477204 0.381279 0.478723 0.378995 0.477204 0.367580 0.477204 0.365297 0.478723 0.356164 0.478723
8 0.575342 0.399696 0.573059 0.399696 0.570776 0.401216 0.570776 0.408815 0.573059 0.408815 0.575342 0.407295 0.575342 0.405775 0.577626 0.404255 0.577626 0.402736 0.575342 0.401216
8 0.527397 0.398176 0.525114 0.399696 0.520548 0.399696 0.522831 0.399696 0.525114 0.401216 0.525114 0.402736 0.518265 0.407295 0.515982 0.407295 0.513699 0.405775 0.513699 0.398176 0.511416 0.398176 0.511416 0.399696 0.509132 0.401216 0.509132 0.402736 0.506849 0.404255 0.506849 0.405775 0.504566 0.407295 0.509132 0.410334 0.509132 0.413374 0.511416 0.414894 0.511416 0.419453 0.509132 0.420973 0.509132 0.425532 0.509132 0.424012 0.511416 0.422492 0.511416 0.420973 0.513699 0.419453 0.513699 0.413374 0.515982 0.411854 0.515982 0.410334 0.518265 0.408815 0.525114 0.408815 0.525114 0.407295 0.529680 0.404255 0.529680 0.399696
8 0.493151 0.395137 0.493151 0.398176 0.490868 0.399696 0.490868 0.402736 0.493151 0.404255 0.493151 0.436170 0.495434 0.437690 0.497717 0.437690 0.497717 0.431611 0.493151 0.428571 0.493151 0.425532 0.497717 0.422492 0.497717 0.416413 0.500000 0.414894 0.500000 0.410334 0.500000 0.411854 0.497717 0.413374 0.495434 0.413374 0.493151 0.411854 0.493151 0.410334 0.497717 0.407295 0.495434 0.405775 0.495434 0.399696 0.493151 0.398176
8 0.577626 0.382979 0.573059 0.382979 0.573059 0.390578 0.575342 0.392097 0.575342 0.390578 0.577626 0.389058
8 0.543379 0.382979 0.543379 0.384498 0.541096 0.386018 0.541096 0.387538 0.538813 0.389058 0.538813 0.393617 0.541096 0.395137 0.541096 0.398176 0.538813 0.399696 0.536530 0.399696 0.541096 0.402736 0.538813 0.404255 0.538813 0.408815 0.541096 0.408815 0.543379 0.407295 0.543379 0.395137 0.545662 0.393617 0.545662 0.390578 0.547945 0.389058 0.547945 0.387538 0.545662 0.386018 0.545662 0.384498
8 0.531963 0.382979 0.529680 0.382979 0.525114 0.386018 0.525114 0.389058 0.522831 0.390578 0.522831 0.392097 0.525114 0.393617 0.525114 0.392097 0.531963 0.387538 0.531963 0.386018 0.534247 0.384498
8 0.575342 0.366261 0.573059 0.367781 0.573059 0.370821 0.570776 0.372340 0.570776 0.375380 0.575342 0.375380 0.575342 0.373860 0.577626 0.372340 0.577626 0.370821 0.575342 0.369301
8 0.554795 0.364742 0.554795 0.366261 0.557078 0.367781 0.557078 0.372340 0.554795 0.373860 0.554795 0.387538 0.557078 0.389058 0.559361 0.389058 0.559361 0.386018 0.561644 0.384498 0.557078 0.381459 0.557078 0.379939 0.559361 0.378419 0.559361 0.367781
8 0.541096 0.351064 0.541096 0.355623 0.538813 0.357143 0.538813 0.363222 0.541096 0.364742 0.541096 0.366261 0.543379 0.367781 0.541096 0.369301 0.541096 0.378419 0.543379 0.378419 0.545662 0.376900 0.545662 0.366261 0.543379 0.366261 0.541096 0.364742 0.543379 0.363222 0.543379 0.361702 0.545662 0.360182 0.545662 0.354103 0.543379 0.352584 0.543379 0.351064
8 0.527397 0.351064 0.527397 0.355623 0.525114 0.357143 0.525114 0.373860 0.527397 0.375380 0.529680 0.373860 0.529680 0.367781 0.525114 0.364742 0.529680 0.361702 0.529680 0.358663 0.531963 0.357143 0.529680 0.355623 0.529680 0.352584
8 0.515982 0.351064 0.509132 0.351064 0.509132 0.357143 0.504566 0.360182 0.509132 0.363222 0.509132 0.367781 0.511416 0.369301 0.511416 0.370821 0.513699 0.372340 0.511416 0.373860 0.511416 0.376900 0.511416 0.373860 0.513699 0.372340 0.513699 0.366261 0.515982 0.364742 0.515982 0.363222 0.513699 0.361702 0.513699 0.360182 0.515982 0.358663
8 0.134703 0.329787 0.139269 0.329787 0.141553 0.331307 0.146119 0.331307 0.148402 0.329787 0.150685 0.331307 0.152968 0.331307 0.155251 0.329787 0.155251 0.328267 0.152968 0.328267 0.150685 0.329787 0.148402 0.329787 0.143836 0.326748 0.141553 0.328267 0.136986 0.328267
8 0.413242 0.313070 0.410959 0.311550 0.408676 0.313070 0.394977 0.313070 0.392694 0.314590 0.390411 0.313070 0.376712 0.313070 0.376712 0.314590 0.374429 0.316109 0.374429 0.317629 0.381279 0.317629 0.383562 0.319149 0.385845 0.317629 0.388128 0.317629 0.390411 0.319149 0.392694 0.319149 0.394977 0.320669 0.401826 0.316109 0.404110 0.316109 0.404110 0.314590 0.406393 0.313070 0.408676 0.313070 0.410959 0.314590 0.413242 0.314590
8 0.175799 0.308511 0.175799 0.310030 0.173516 0.311550 0.168950 0.311550 0.168950 0.316109 0.175799 0.316109 0.178082 0.314590 0.178082 0.313070 0.175799 0.311550
8 0.589041 0.320669 0.593607 0.325228 0.586758 0.328267 0.586758 0.341945 0.593607 0.349544 0.589041 0.351064 0.584475 0.367781 0.584475 0.390578 0.589041 0.398176 0.584475 0.416413 0.593607 0.419453 0.586758 0.422492 0.586758 0.427052 0.595890 0.419453 0.591324 0.405775 0.598174 0.401216 0.600457 0.416413 0.618721 0.425532 0.623288 0.422492 0.614155 0.417933 0.630137 0.408815 0.636986 0.411854 0.643836 0.405775 0.652968 0.408815 0.657534 0.414894 0.662100 0.410334 0.668950 0.408815 0.673516 0.411854 0.675799 0.407295 0.680365 0.408815 0.684932 0.405775 0.687215 0.408815 0.691781 0.405775 0.696347 0.413374 0.689498 0.414894 0.689498 0.419453 0.696347 0.416413 0.700913 0.420973 0.705479 0.419453 0.703196 0.408815 0.707763 0.405775 0.712329 0.410334 0.710046 0.414894 0.714612 0.411854 0.719178 0.417933 0.710046 0.425532 0.716895 0.424012 0.719178 0.427052 0.723744 0.414894 0.730594 0.417933 0.726027 0.424012 0.735160 0.427052 0.735160 0.431611 0.742009 0.431611 0.744292 0.427052 0.753425 0.424012 0.767123 0.427052 0.753425 0.419453 0.762557 0.410334 0.771689 0.417933 0.778539 0.413374 0.789954 0.424012 0.799087 0.424012 0.805936 0.414894 0.810502 0.419453 0.803653 0.422492 0.817352 0.422492 0.817352 0.417933 0.826484 0.414894 0.833333 0.401216 0.831050 0.393617 0.835616 0.395137 0.840183 0.392097 0.831050 0.387538 0.835616 0.384498 0.840183 0.386018 0.840183 0.372340 0.847032 0.372340 0.849315 0.367781 0.840183 0.352584 0.837900 0.357143 0.828767 0.349544 0.842466 0.344985 0.837900 0.341945 0.842466 0.337386 0.833333 0.338906 0.828767 0.329787 0.826484 0.335866 0.812785 0.334347 0.821918 0.329787 0.817352 0.320669 0.796804 0.323708 0.796804 0.314590 0.780822 0.311550 0.773973 0.314590 0.767123 0.311550 0.744292 0.311550 0.748858 0.319149 0.739726 0.320669 0.735160 0.317629 0.737443 0.313070 0.723744 0.310030 0.710046 0.311550 0.707763 0.308511 0.696347 0.313070 0.682648 0.313070 0.689498 0.326748 0.680365 0.328267 0.678082 0.322188 0.664384 0.326748 0.657534 0.317629 0.668950 0.314590 0.668950 0.311550 0.643836 0.311550 0.641553 0.300912 0.641553 0.311550 0.621005 0.311550 0.616438 0.320669 0.609589 0.317629 0.598174 0.335866
8 0.136986 0.335866 0.143836 0.346505 0.175799 0.349544 0.159817 0.351064 0.168950 0.355623 0.157534 0.360182 0.143836 0.351064 0.152968 0.375380 0.162100 0.369301 0.157534 0.361702 0.187215 0.364742 0.182648 0.375380 0.175799 0.366261 0.166667 0.367781 0.171233 0.373860 0.159817 0.373860 0.189498 0.379939 0.180365 0.392097 0.175799 0.381459 0.171233 0.390578 0.159817 0.389058 0.168950 0.402736 0.162100 0.407295 0.182648 0.427052 0.175799 0.433131 0.191781 0.433131 0.184932 0.425532 0.198630 0.416413 0.200913 0.427052 0.216895 0.427052 0.214612 0.439210 0.244292 0.439210 0.253425 0.454407 0.260274 0.446809 0.271689 0.454407 0.390411 0.457447 0.251142 0.462006 0.301370 0.466565 0.289954 0.469605 0.305936 0.463526 0.308219 0.469605 0.324201 0.469605 0.328767 0.463526 0.335616 0.469605 0.404110 0.469605 0.429224 0.463526 0.431507 0.469605 0.449772 0.462006 0.417808 0.458967 0.438356 0.454407 0.442922 0.446809 0.449772 0.451368 0.456621 0.436170 0.465753 0.451368 0.470320 0.420973 0.481735 0.451368 0.481735 0.399696 0.458904 0.392097 0.495434 0.379939 0.500000 0.352584 0.486301 0.367781 0.484018 0.332827 0.477169 0.326748 0.479452 0.337386 0.470320 0.340426 0.461187 0.317629 0.447489 0.326748 0.440639 0.314590 0.438356 0.325228 0.422374 0.325228 0.426941 0.348024 0.442922 0.352584 0.429224 0.363222 0.438356 0.358663 0.452055 0.370821 0.456621 0.354103 0.461187 0.373860 0.442922 0.378419 0.436073 0.370821 0.392694 0.366261 0.372146 0.376900 0.363014 0.405775 0.353881 0.387538 0.378995 0.357143 0.365297 0.354103 0.372146 0.326748 0.363014 0.314590 0.347032 0.313070 0.360731 0.326748 0.344749 0.328267 0.317352 0.310030 0.310502 0.317629 0.273973 0.310030 0.278539 0.294833 0.255708 0.293313 0.242009 0.305471 0.239726 0.294833 0.230594 0.293313 0.228311 0.305471 0.216895 0.305471 0.212329 0.313070 0.205479 0.305471 0.207763 0.317629 0.196347 0.328267 0.191781 0.319149 0.180365 0.328267 0.168950 0.319149 0.166667 0.344985 0.159817 0.334347
8 0.296804 0.113982 0.296804 0.115502 0.301370 0.118541 0.296804 0.121581 0.296804 0.123100 0.299087 0.123100 0.301370 0.124620 0.301370 0.126140 0.305936 0.123100 0.308219 0.124620 0.310502 0.124620 0.315068 0.121581 0.319635 0.121581 0.319635 0.118541 0.317352 0.117021 0.317352 0.118541 0.312785 0.121581 0.305936 0.121581 0.301370 0.118541 0.301370 0.113982
8 0.317352 0.086626 0.312785 0.089666 0.312785 0.091185 0.310502 0.092705 0.305936 0.092705 0.299087 0.088146 0.296804 0.088146 0.296804 0.094225 0.301370 0.094225 0.305936 0.097264 0.305936 0.098784 0.310502 0.095745 0.310502 0.092705 0.312785 0.091185 0.315068 0.092705 0.317352 0.092705 0.319635 0.091185 0.317352 0.089666
8 0.283105 0.085106 0.283105 0.088146 0.278539 0.091185 0.273973 0.091185 0.273973 0.094225 0.278539 0.091185 0.280822 0.091185 0.285388 0.094225 0.285388 0.095745 0.287671 0.094225 0.285388 0.092705 0.285388 0.086626
8 0.310502 0.063830 0.294521 0.063830 0.296804 0.065350 0.296804 0.068389 0.301370 0.071429 0.296804 0.074468 0.294521 0.074468 0.294521 0.075988 0.296804 0.075988 0.301370 0.079027 0.301370 0.080547 0.303653 0.079027 0.303653 0.069909 0.299087 0.066869 0.301370 0.065350 0.310502 0.065350
8 0.367580 0.060790 0.363014 0.059271 0.358447 0.059271 0.356164 0.060790 0.353881 0.059271 0.349315 0.060790 0.342466 0.060790 0.344749 0.062310 0.344749 0.069909 0.347032 0.071429 0.342466 0.075988 0.347032 0.079027 0.340183 0.085106 0.337900 0.083587 0.337900 0.080547 0.340183 0.079027 0.335616 0.075988 0.335616 0.069909 0.328767 0.068389 0.326484 0.071429 0.319635 0.071429 0.317352 0.069909 0.315068 0.071429 0.317352 0.080547 0.317352 0.077508 0.321918 0.075988 0.324201 0.077508 0.324201 0.080547 0.326484 0.080547 0.328767 0.077508 0.331050 0.080547 0.335616 0.082067 0.333333 0.085106 0.328767 0.083587 0.324201 0.086626 0.328767 0.091185 0.324201 0.094225 0.328767 0.097264 0.328767 0.100304 0.331050 0.101824 0.331050 0.103343 0.324201 0.107903 0.319635 0.106383 0.319635 0.103343 0.312785 0.098784 0.308219 0.104863 0.283105 0.101824 0.280822 0.106383 0.276256 0.109422 0.271689 0.109422 0.267123 0.113982 0.269406 0.117021 0.273973 0.115502 0.276256 0.117021 0.278539 0.115502 0.278539 0.109422 0.280822 0.107903 0.283105 0.107903 0.289954 0.113982 0.292237 0.113982 0.292237 0.109422 0.296804 0.106383 0.303653 0.109422 0.310502 0.109422 0.315068 0.107903 0.328767 0.113982 0.328767 0.115502 0.324201 0.117021 0.326484 0.123100 0.331050 0.123100 0.333333 0.124620 0.344749 0.124620 0.347032 0.126140 0.344749 0.129179 0.356164 0.126140 0.353881 0.123100 0.356164 0.118541 0.349315 0.113982 0.353881 0.107903 0.349315 0.098784 0.356164 0.095745 0.360731 0.098784 0.363014 0.103343 0.363014 0.097264 0.365297 0.095745 0.356164 0.091185 0.353881 0.092705 0.349315 0.089666 0.349315 0.082067 0.353881 0.079027 0.353881 0.075988 0.349315 0.071429 0.349315 0.066869 0.353881 0.062310 0.360731 0.062310 0.363014 0.063830 0.363014 0.062310